HJD-2450000	I_Mag	Err
5261.847389999777	16.352	0.007
5262.882629999891	16.361	0.011
5264.859459999949	16.338	0.008
5266.905999999959	16.351	0.008
5267.90132999979	16.348	0.007
5270.849619999994	16.343	0.007
5272.865989999846	16.378	0.009
5274.853569999803	16.351	0.007
5278.887670000084	16.361	0.006
5282.794209999964	16.357	0.008
5284.832909999881	16.367	0.008
5286.833600000013	16.356	0.009
5294.732210000046	16.359	0.007
5294.7713399999775	16.365	0.006
5294.808420000132	16.356	0.006
5294.845989999827	16.352	0.007
5294.876159999985	16.356	0.006
5294.918120000046	16.349	0.007
5295.773020000197	16.337	0.006
5295.811449999921	16.366	0.006
5295.8493499998	16.344	0.006
5295.888189999852	16.362	0.007
5296.775930000003	16.346	0.006
5296.813449999783	16.359	0.006
5296.850860000122	16.357	0.006
5296.889340000227	16.362	0.006
5297.771850000136	16.363	0.007
5297.809909999836	16.355	0.006
5297.847769999877	16.355	0.006
5297.886460000183	16.342	0.006
5298.772739999928	16.353	0.007
5298.810670000035	16.337	0.006
5298.84842999978	16.343	0.007
5298.887990000192	16.353	0.006
5298.921500000171	16.359	0.007
5299.757459999993	16.363	0.007
5299.7949999999255	16.347	0.004
5299.832880000118	16.322	0.005
5299.871230000164	16.35	0.006
5299.912000000011	16.357	0.006
5300.8661899999715	16.35	0.006
5300.906950000208	16.346	0.007
5301.762000000104	16.352	0.007
5301.799500000197	16.358	0.007
5301.836959999986	16.351	0.008
5301.875669999979	16.359	0.007
5301.915459999815	16.353	0.01
5303.923309999984	16.353	0.007
5304.7616499997675	16.347	0.007
5306.695280000102	16.349	0.007
5306.758040000219	16.347	0.006
5306.796990000177	16.346	0.006
5306.860619999934	16.345	0.007
5306.900200000033	16.354	0.006
5307.68498999998	16.353	0.008
5307.748079999816	16.338	0.007
5307.809570000041	16.358	0.006
5307.84804000007	16.355	0.007
5307.888939999975	16.342	0.006
5307.926370000001	16.348	0.007
5308.738200000022	16.36	0.007
5308.799699999858	16.367	0.007
5308.837150000036	16.34	0.007
5308.878450000193	16.36	0.007
5309.738890000153	16.363	0.007
5309.809400000144	16.34	0.007
5309.853120000102	16.338	0.007
5309.892080000136	16.337	0.006
5309.929359999951	16.354	0.007
5310.719759999774	16.358	0.008
5310.776029999834	16.366	0.007
5310.857400000095	16.357	0.004
5310.889340000227	16.36	0.007
5310.926800000016	16.342	0.006
5311.819910000078	16.346	0.007
5311.87592000002	16.356	0.007
5311.920739999972	16.355	0.007
5312.745920000132	16.35	0.008
5312.788290000055	16.356	0.008
5312.826330000069	16.353	0.008
5312.870579999872	16.357	0.008
5312.910180000123	16.333	0.008
5313.782329999842	16.357	0.009
5313.821200000122	16.36	0.008
5313.860859999899	16.347	0.009
5313.899110000115	16.343	0.008
5314.669979999773	16.356	0.009
5314.710429999977	16.353	0.008
5314.74971000012	16.344	0.008
5314.789650000166	16.37	0.009
5314.847180000041	16.342	0.008
5314.8846100000665	16.363	0.008
5314.922069999855	16.351	0.007
5315.687479999848	16.36	0.01
5315.735379999969	16.347	0.009
5315.772919999901	16.354	0.008
5315.8106800001115	16.351	0.007
5315.85083999997	16.339	0.008
5315.892969999928	16.341	0.008
5316.678609999828	16.377	0.01
5316.725779999979	16.36	0.009
5316.768819999881	16.361	0.01
5316.806160000153	16.382	0.011
5316.863020000048	16.369	0.013
5319.823170000222	16.339	0.009
5319.866160000209	16.364	0.01
5319.910279999953	16.328	0.01
5320.640930000227	16.354	0.008
5320.685510000214	16.351	0.007
5320.729449999984	16.351	0.007
5320.766640000045	16.36	0.007
5320.804370000027	16.344	0.008
5320.847589999903	16.347	0.008
5320.885989999864	16.347	0.007
5320.927540000062	16.34	0.007
5321.7137299999595	16.361	0.008
5321.7512099999	16.356	0.008
5321.790829999838	16.354	0.007
5321.829239999875	16.343	0.009
5321.870560000185	16.35	0.008
5321.907920000143	16.367	0.008
5322.6942099998705	16.347	0.007
5322.759740000125	16.343	0.006
5322.836800000165	16.343	0.007
5322.907339999918	16.336	0.007
5323.730630000122	16.359	0.008
5323.7689399998635	16.357	0.008
5323.808999999892	16.344	0.007
5323.850310000125	16.353	0.007
5323.888900000136	16.347	0.007
5323.926349999849	16.352	0.007
5324.668659999967	16.368	0.007
5324.7324999999255	16.353	0.007
5324.769859999884	16.354	0.007
5324.808660000097	16.35	0.008
5324.848879999947	16.355	0.008
5324.886150000151	16.365	0.007
5324.926930000074	16.347	0.007
5325.68600000022	16.354	0.007
5325.722500000149	16.363	0.007
5325.760679999832	16.356	0.007
5325.797979999799	16.357	0.007
5325.846210000105	16.345	0.007
5325.886270000134	16.349	0.007
5325.926750000101	16.335	0.007
5326.634060000069	16.336	0.009
5326.720509999897	16.349	0.007
5326.758570000064	16.366	0.007
5326.796980000101	16.346	0.006
5326.836300000083	16.355	0.007
5326.874940000009	16.353	0.007
5326.912169999909	16.344	0.007
5327.643290000036	16.349	0.007
5327.745469999965	16.361	0.007
5327.783910000231	16.359	0.007
5327.822780000046	16.35	0.007
5327.861670000013	16.349	0.008
5327.899830000009	16.355	0.007
5327.9375800001435	16.353	0.009
5328.67061999999	16.355	0.008
5328.739180000033	16.354	0.007
5328.777770000044	16.334	0.007
5328.817720000166	16.359	0.007
5328.8563100001775	16.359	0.007
5328.893980000168	16.36	0.007
5328.931489999872	16.338	0.007
5334.616859999951	16.344	0.008
5334.683009999804	16.327	0.01
5334.763340000063	16.341	0.007
5334.820679999888	16.354	0.007
5334.861219999846	16.357	0.008
5334.901750000194	16.34	0.01
5334.939689999912	16.358	0.009
5335.7460799999535	16.346	0.006
5335.78525000019	16.349	0.007
5335.825290000066	16.365	0.007
5335.863129999954	16.343	0.007
5335.90065999981	16.334	0.008
5335.9397300002165	16.342	0.009
5336.844539999962	16.351	0.007
5336.909789999947	16.336	0.008
5337.7561599998735	16.348	0.006
5337.795570000075	16.349	0.007
5337.833999999799	16.379	0.008
5337.872359999921	16.353	0.009
5337.910980000161	16.368	0.008
5338.753440000117	16.37	0.007
5338.792640000116	16.366	0.008
5338.834259999916	16.343	0.01
5338.8938500001095	16.389	0.01
5339.669079999905	16.351	0.009
5339.706819999963	16.354	0.008
5339.800340000074	16.346	0.008
5339.866210000124	16.361	0.008
5339.906409999821	16.339	0.012
5339.944250000175	16.354	0.009
5340.652999999933	16.345	0.009
5340.692360000219	16.351	0.007
5340.779649999924	16.352	0.01
5340.835219999775	16.359	0.007
5340.873639999889	16.349	0.008
5340.911419999786	16.354	0.01
5341.58545000013	16.348	0.008
5341.623680000193	16.342	0.007
5341.730179999955	16.351	0.007
5341.804459999781	16.353	0.007
5341.842670000158	16.338	0.007
5341.880489999894	16.341	0.007
5341.920849999879	16.352	0.007
5342.595060000196	16.361	0.01
5342.632410000078	16.35	0.009
5342.67004000023	16.363	0.009
5342.7074899999425	16.347	0.008
5342.746019999962	16.333	0.008
5342.790180000011	16.347	0.01
5342.828230000101	16.35	0.008
5342.866200000048	16.354	0.009
5342.903959999792	16.373	0.009
5342.941839999985	16.327	0.011
5343.613270000089	16.356	0.009
5343.650960000232	16.342	0.009
5343.6886800001375	16.344	0.008
5343.726749999914	16.349	0.008
5343.7656000000425	16.351	0.008
5343.805590000004	16.345	0.008
5343.844120000023	16.338	0.008
5343.894919999875	16.343	0.009
5343.932750000153	16.365	0.009
5348.660670000128	16.351	0.007
5348.725889999885	16.343	0.008
5348.7911600000225	16.366	0.008
5348.829489999916	16.349	0.008
5348.873329999857	16.351	0.01
5348.91362999985	16.346	0.008
5349.588959999848	16.339	0.008
5349.67154000001	16.345	0.009
5349.7397500001825	16.35	0.009
5349.804680000059	16.342	0.007
5349.8424800001085	16.361	0.008
5350.642179999966	16.337	0.009
5350.679909999948	16.356	0.009
5350.718410000205	16.325	0.01
5351.5783999999985	16.341	0.008
5351.624470000155	16.345	0.007
5351.701900000218	16.356	0.007
5351.787179999985	16.361	0.007
5351.876889999956	16.353	0.009
5351.914869999979	16.342	0.008
5352.639479999896	16.347	0.008
5352.71426999988	16.36	0.006
5352.800910000224	16.348	0.007
5352.873720000032	16.345	0.008
5352.9112200001255	16.344	0.007
5353.604669999797	16.344	0.007
5353.687239999883	16.351	0.006
5353.768070000224	16.347	0.007
5353.806129999924	16.356	0.007
5353.84365000017	16.347	0.007
5353.894919999875	16.343	0.008
5354.63049999997	16.342	0.007
5354.717709999997	16.357	0.008
5354.814400000032	16.333	0.007
5354.855570000131	16.35	0.007
5354.896219999995	16.349	0.009
5355.57349999994	16.361	0.007
5355.655189999845	16.341	0.007
5355.7419400000945	16.347	0.007
5355.811420000158	16.342	0.007
5355.859680000227	16.347	0.008
5355.897419999819	16.331	0.009
5357.654110000003	16.353	0.008
5357.743850000203	16.361	0.011
5357.831770000048	16.354	0.011
5357.897919999901	16.34	0.007
5358.716039999854	16.346	0.007
5358.817679999862	16.348	0.008
5358.887329999823	16.328	0.009
5359.608359999955	16.363	0.01
5359.655350000132	16.349	0.007
5359.711219999939	16.348	0.008
5359.755479999818	16.357	0.008
5359.800129999872	16.342	0.008
5359.844620000105	16.367	0.008
5359.8851600000635	16.349	0.01
5361.653429999948	16.327	0.009
5362.572269999888	16.343	0.01
5362.632780000102	16.36	0.007
5362.729420000222	16.348	0.007
5362.831830000039	16.356	0.007
5362.847320000175	16.348	0.007
5362.905590000097	16.349	0.01
5364.551299999934	16.352	0.008
5364.609929999802	16.353	0.007
5364.704440000001	16.349	0.008
5364.779260000214	16.351	0.009
5364.818729999941	16.346	0.008
5364.858800000045	16.35	0.008
5364.896910000127	16.357	0.008
5365.569029999897	16.367	0.009
5365.631060000043	16.367	0.008
5365.726119999774	16.339	0.007
5365.814960000105	16.359	0.008
5365.855469999835	16.361	0.008
5365.893819999881	16.344	0.01
5368.644880000036	16.355	0.009
5369.727039999794	16.345	0.009
5369.772359999828	16.358	0.009
5369.810339999851	16.343	0.009
5369.851119999774	16.337	0.008
5376.6569699998945	16.37	0.01
5376.697379999794	16.339	0.008
5376.735570000019	16.347	0.008
5376.774410000071	16.354	0.009
5376.812570000067	16.344	0.009
5376.850500000175	16.351	0.011
5377.547090000007	16.354	0.008
5377.589790000115	16.357	0.01
5377.628010000102	16.351	0.008
5377.701669999864	16.341	0.007
5377.745139999781	16.354	0.008
5377.787849999964	16.343	0.007
5377.825579999946	16.348	0.008
5377.8637399999425	16.345	0.009
5378.535290000029	16.35	0.007
5378.6193900001235	16.352	0.006
5378.7082899999805	16.354	0.007
5378.749880000018	16.36	0.006
5378.788040000014	16.341	0.007
5378.826270000078	16.33	0.007
5378.866160000209	16.364	0.008
5379.505009999964	16.369	0.008
5379.571479999926	16.355	0.007
5379.657329999842	16.341	0.007
5379.7427900000475	16.345	0.007
5379.780449999962	16.342	0.007
5379.818359999917	16.357	0.008
5379.856490000151	16.335	0.008
5380.516429999843	16.349	0.007
5380.554049999919	16.363	0.007
5380.63787999982	16.35	0.007
5380.711999999825	16.351	0.007
5380.750359999947	16.354	0.006
5380.78833999997	16.349	0.007
5380.826330000069	16.326	0.009
5381.5256500002	16.34	0.009
5381.563740000129	16.381	0.012
5381.601520000026	16.35	0.01
5381.6606399999	16.339	0.008
5381.701460000128	16.345	0.009
5381.739430000074	16.356	0.009
5381.786189999897	16.377	0.01
5381.824539999943	16.353	0.01
5381.862540000118	16.34	0.01
5382.55242000008	16.363	0.011
5382.6020599999465	16.363	0.01
5382.639640000183	16.357	0.009
5382.681559999939	16.346	0.009
5382.7213200000115	16.35	0.009
5382.759219999891	16.349	0.01
5382.809369999915	16.34	0.009
5383.693419999909	16.343	0.01
5383.751629999839	16.33	0.01
5384.788939999882	16.349	0.009
5384.845939999912	16.348	0.01
5385.4987300001085	16.355	0.007
5385.713810000103	16.35	0.007
5385.836999999825	16.349	0.006
5386.48245000001	16.361	0.007
5386.526939999778	16.339	0.007
5386.564660000149	16.352	0.006
5386.648120000027	16.353	0.007
5386.732189999893	16.343	0.006
5386.770529999863	16.359	0.006
5386.809750000015	16.349	0.006
5387.471020000055	16.349	0.007
5387.576419999823	16.344	0.006
5387.7145299999975	16.345	0.006
5387.752859999891	16.341	0.006
5387.796610000078	16.353	0.007
5387.836689999793	16.34	0.007
5388.4943400002085	16.367	0.008
5388.5323800002225	16.348	0.007
5388.6414000000805	16.339	0.006
5388.751530000009	16.353	0.007
5388.791290000081	16.355	0.007
5388.835400000215	16.358	0.008
5389.493509999942	16.348	0.008
5389.5316300000995	16.36	0.008
5389.616969999857	16.355	0.007
5389.722209999803	16.356	0.008
5389.782589999959	16.339	0.009
5389.82311000023	16.352	0.007
5390.467970000114	16.351	0.011
5390.522770000156	16.354	0.011
5390.564790000208	16.351	0.008
5390.650330000091	16.366	0.008
5390.696599999908	16.359	0.007
5390.7460799999535	16.343	0.007
5390.784039999824	16.351	0.007
5390.821700000204	16.33	0.008
5391.516749999952	16.345	0.008
5391.555550000165	16.357	0.01
5391.61511000013	16.351	0.007
5391.724380000029	16.341	0.007
5391.807670000009	16.361	0.008
5391.845129999798	16.347	0.008
5392.492889999878	16.379	0.009
5392.531609999947	16.362	0.008
5392.593059999868	16.364	0.007
5392.703180000186	16.344	0.007
5392.785130000208	16.353	0.007
5392.82276999997	16.344	0.008
5393.638129999861	16.344	0.008
5393.677850000095	16.332	0.008
5393.716039999854	16.385	0.01
5393.761390000116	16.357	0.01
5393.799500000197	16.334	0.009
5393.837359999772	16.337	0.011
5395.831840000115	16.36	0.01
5396.57378000021	16.365	0.014
5396.628099999856	16.344	0.008
5396.723660000134	16.357	0.007
5396.758429999929	16.355	0.007
5396.796459999867	16.355	0.008
5397.605700000189	16.355	0.009
5397.651740000118	16.336	0.011
5397.689580000006	16.355	0.01
5402.51996999979	16.335	0.014
5403.480789999943	16.338	0.007
5403.51837999979	16.346	0.007
5403.555530000012	16.34	0.007
5403.594269999769	16.346	0.008
5403.635110000148	16.344	0.007
5403.673390000127	16.35	0.007
5403.714240000118	16.337	0.007
5403.752150000073	16.355	0.007
5403.789969999809	16.362	0.01
5404.493890000042	16.347	0.007
5404.531700000167	16.358	0.007
5404.569409999996	16.355	0.008
5404.609590000007	16.35	0.008
5404.651349999942	16.355	0.008
5404.691240000073	16.365	0.008
5404.729030000046	16.361	0.009
5404.771720000077	16.343	0.008
5405.629269999918	16.35	0.009
5405.668819999788	16.353	0.008
5405.7069000001065	16.345	0.008
5405.744359999895	16.358	0.008
5405.781990000047	16.356	0.007
5407.4837600002065	16.354	0.009
5407.521629999857	16.348	0.008
5407.559909999836	16.352	0.008
5407.598970000166	16.336	0.01
5407.6385499998	16.345	0.009
5407.67659999989	16.346	0.009
5407.715809999965	16.345	0.008
5407.753740000073	16.346	0.008
5408.503000000026	16.344	0.009
5408.545729999896	16.355	0.009
5408.594690000173	16.367	0.008
5408.6335599999875	16.348	0.008
5408.672230000142	16.342	0.008
5408.710109999869	16.362	0.009
5408.747820000164	16.369	0.01
5408.785389999859	16.348	0.009
5409.495589999948	16.355	0.007
5409.559429999907	16.359	0.007
5409.666209999938	16.359	0.006
5409.74990000017	16.341	0.007
5409.787669999991	16.357	0.009
5410.500020000152	16.373	0.008
5410.561689999886	16.35	0.007
5410.670200000051	16.361	0.007
5410.754269999918	16.345	0.008
5411.47660999978	16.342	0.007
5411.514510000125	16.356	0.007
5411.597479999997	16.348	0.007
5411.705730000045	16.352	0.006
5411.767219999805	16.342	0.007
5412.5383700001985	16.344	0.008
5412.578259999864	16.343	0.009
5412.617019999772	16.346	0.008
5412.654800000135	16.347	0.009
5412.699190000072	16.363	0.009
5413.478560000192	16.355	0.009
5413.517940000165	16.364	0.006
5413.6247800001875	16.347	0.007
5413.732259999961	16.362	0.007
5413.770010000095	16.372	0.01
5414.49821999995	16.339	0.006
5414.559479999822	16.347	0.006
5414.66893000016	16.364	0.006
5414.756599999964	16.353	0.006
5416.615249999799	16.339	0.008
5416.671980000101	16.346	0.008
5418.534250000026	16.344	0.007
5418.580769999884	16.357	0.006
5418.630950000137	16.364	0.007
5418.682510000188	16.347	0.008
5421.489719999954	16.353	0.007
5421.533830000088	16.357	0.007
5421.5934199998155	16.352	0.007
5421.639599999879	16.345	0.007
5421.681880000047	16.349	0.008
5421.726290000137	16.335	0.009
5422.515589999966	16.336	0.007
5422.561670000199	16.36	0.007
5422.71566000022	16.355	0.006
5423.499590000138	16.334	0.006
5423.541889999993	16.374	0.006
5423.675609999802	16.356	0.008
5425.507040000055	16.347	0.007
5425.548299999908	16.341	0.007
5426.514979999978	16.338	0.01
5426.593979999889	16.343	0.011
5426.734470000025	16.339	0.01
5430.500529999845	16.366	0.009
5430.546999999788	16.35	0.008
5430.585270000156	16.365	0.008
5430.624249999877	16.37	0.008
5430.665380000137	16.348	0.009
5431.50168999983	16.347	0.008
5431.54224999994	16.361	0.008
5431.580260000192	16.358	0.007
5431.621650000103	16.356	0.009
5431.659310000017	16.365	0.009
5432.526190000121	16.357	0.012
5432.638710000087	16.347	0.01
5433.536590000149	16.352	0.01
5433.662000000011	16.337	0.009
5434.4876899998635	16.343	0.009
5434.532759999856	16.366	0.008
5434.577130000107	16.341	0.007
5434.61950000003	16.339	0.007
5434.664230000228	16.353	0.008
5434.704309999943	16.355	0.008
5435.503760000225	16.368	0.008
5435.546569999773	16.351	0.008
5435.616479999851	16.337	0.007
5435.66995000001	16.346	0.007
5435.708889999893	16.359	0.008
5436.5022300002165	16.353	0.008
5436.64617000008	16.34	0.007
5437.484819999896	16.345	0.006
5437.581749999896	16.352	0.007
5438.497400000226	16.348	0.008
5438.536869999953	16.354	0.008
5438.638309999835	16.347	0.007
5438.67631000001	16.353	0.007
5439.489740000106	16.343	0.009
5439.554800000042	16.343	0.009
5439.59216	16.36	0.009
5439.630179999862	16.342	0.009
5439.675979999825	16.356	0.009
5443.5224700002	16.321	0.008
5443.568589999806	16.357	0.008
5443.606420000084	16.36	0.009
5443.648940000217	16.352	0.007
5443.687870000023	16.346	0.007
5444.520500000101	16.356	0.01
5444.569089999888	16.336	0.008
5444.620759999845	16.358	0.008
5444.658830000088	16.347	0.008
5445.499319999944	16.35	0.007
5445.628659999929	16.346	0.007
5445.667909999844	16.337	0.007
5446.502479999792	16.341	0.008
5446.547790000215	16.354	0.007
5446.588949999772	16.347	0.007
5446.626960000023	16.348	0.007
5447.474419999868	16.362	0.009
5447.518920000177	16.347	0.007
5447.558050000109	16.321	0.008
5447.623370000161	16.351	0.007
5448.489990000147	16.34	0.006
5448.534099999815	16.355	0.008
5448.617289999966	16.36	0.007
5449.490950000007	16.348	0.008
5449.531659999862	16.355	0.008
5449.583209999837	16.351	0.007
5450.493689999916	16.35	0.008
5450.53134999983	16.337	0.008
5450.569379999768	16.325	0.009
5450.619450000115	16.362	0.009
5451.491049999837	16.331	0.01
5451.530559999868	16.346	0.01
5451.659649999812	16.356	0.007
5453.493319999892	16.351	0.01
5453.581950000022	16.331	0.008
5457.500430000015	16.337	0.006
5457.571729999967	16.334	0.006
5457.613539999817	16.303	0.007
5458.490809999872	16.332	0.009
5458.555769999977	16.342	0.009
5458.6252199998125	16.356	0.009
5459.5210000001825	16.36	0.008
5459.564069999848	16.34	0.007
5459.605109999888	16.333	0.007
5460.509670000058	16.337	0.009
5460.550700000022	16.321	0.009
5460.591719999909	16.312	0.01
5461.511620000005	16.301	0.01
5461.5528899999335	16.296	0.01
5461.603380000219	16.36	0.009
5462.497899999842	16.354	0.009
5462.5648199999705	16.358	0.008
5463.517179999966	16.344	0.007
5463.6276199999265	16.326	0.008
5464.509229999967	16.335	0.008
5464.595360000152	16.318	0.008
5465.522630000021	16.318	0.009
5467.502470000181	16.352	0.008
5468.575980000198	16.329	0.009
5470.526870000176	16.353	0.008
5471.534200000111	16.36	0.008
5471.59896000009	16.339	0.007
5472.565630000085	16.336	0.007
5473.51576999994	16.347	0.009
5476.50530999992	16.345	0.008
5478.493439999875	16.332	0.009
5479.521029999945	16.363	0.007
5480.508229999803	16.319	0.009
5480.5719099999405	16.351	0.009
5481.546970000025	16.351	0.012
5485.524720000103	16.362	0.008
5486.511140000075	16.342	0.009
5487.4941799999215	16.359	0.007
5487.5545299998485	16.352	0.009
5488.544489999767	16.339	0.008
5489.53264999995	16.333	0.009
5490.531039999798	16.348	0.011
5492.535949999932	16.341	0.011
5494.537909999955	16.34	0.01
5495.541889999993	16.328	0.009
5497.539419999812	16.339	0.011
5502.507879999932	16.334	0.009
5597.867000000086	16.343	0.008
5598.856209999882	16.359	0.007
5599.866009999998	16.343	0.007
5602.870550000109	16.351	0.009
5604.878719999921	16.357	0.008
5605.876860000193	16.341	0.006
5606.874569999985	16.339	0.008
5607.879250000231	16.342	0.007
5608.873800000176	16.337	0.008
5611.858190000057	16.352	0.009
5612.873430000152	16.338	0.009
5614.8588499999605	16.357	0.007
5615.867180000059	16.351	0.007
5616.86043999996	16.357	0.008
5620.848269999959	16.336	0.007
5621.851110000163	16.354	0.006
5622.888819999993	16.353	0.005
5624.843799999915	16.344	0.007
5625.822929999791	16.343	0.007
5626.823669999838	16.339	0.009
5627.847190000117	16.374	0.007
5628.857890000101	16.366	0.007
5629.82610000018	16.343	0.008
5630.803509999998	16.347	0.007
5631.831470000092	16.345	0.009
5632.838570000138	16.345	0.007
5633.79581000004	16.352	0.006
5634.850680000149	16.375	0.008
5635.8599000000395	16.358	0.008
5637.819790000096	16.338	0.009
5638.797989999875	16.375	0.008
5639.795630000066	16.357	0.007
5639.871199999936	16.359	0.007
5640.78910999978	16.344	0.009
5640.827459999826	16.343	0.008
5640.875140000135	16.339	0.007
5640.916009999812	16.337	0.01
5641.781930000056	16.338	0.008
5641.824330000207	16.335	0.007
5641.862490000203	16.355	0.007
5641.907199999783	16.34	0.008
5642.78423999995	16.352	0.007
5642.8432800001465	16.37	0.007
5642.90316000022	16.368	0.008
5643.766960000154	16.337	0.007
5643.8052400001325	16.351	0.007
5643.864990000147	16.359	0.006
5643.906229999848	16.355	0.007
5644.774689999875	16.349	0.009
5644.81539000012	16.349	0.009
5644.885950000025	16.329	0.007
5647.803439999931	16.334	0.008
5647.848799999803	16.355	0.007
5647.858889999799	16.359	0.007
5647.879069999792	16.351	0.008
5647.89506000001	16.356	0.008
5648.756589999888	16.34	0.007
5648.821990000084	16.336	0.006
5648.864109999966	16.358	0.006
5648.909440000076	16.361	0.008
5649.762999999803	16.343	0.007
5649.804980000015	16.348	0.006
5649.8694000002	16.35	0.006
5649.907639999874	16.347	0.007
5650.754780000076	16.366	0.007
5650.817259999923	16.354	0.006
5650.861370000057	16.334	0.006
5650.910219999962	16.356	0.006
5651.775390000083	16.348	0.007
5651.818429999985	16.345	0.007
5651.894619999919	16.353	0.006
5652.755460000131	16.346	0.006
5652.81876999978	16.34	0.006
5652.860679999925	16.343	0.006
5653.7755900002085	16.353	0.006
5653.904629999772	16.356	0.005
5654.777929999866	16.345	0.007
5654.827229999937	16.343	0.006
5654.868710000068	16.344	0.007
5655.73769999994	16.361	0.007
5655.776810000185	16.351	0.007
5655.814759999979	16.362	0.007
5655.8555600000545	16.339	0.006
5655.905259999912	16.328	0.007
5656.797199999914	16.353	0.006
5656.838080000132	16.347	0.006
5656.924500000197	16.348	0.007
5657.7859700000845	16.353	0.006
5657.82696999982	16.342	0.006
5657.872460000217	16.348	0.006
5657.916840000078	16.336	0.006
5658.78284	16.332	0.008
5658.820830000099	16.333	0.008
5658.823570000008	16.345	0.007
5658.839860000182	16.348	0.007
5658.878250000067	16.351	0.007
5658.919389999937	16.341	0.008
5659.73451999994	16.354	0.006
5659.772129999939	16.355	0.007
5659.811429999769	16.364	0.007
5659.853269999847	16.344	0.007
5659.901649999898	16.353	0.007
5660.725690000225	16.362	0.008
5660.773060000036	16.35	0.007
5660.81640999997	16.365	0.007
5660.872080000117	16.341	0.008
5662.724779999815	16.346	0.009
5662.765149999876	16.347	0.008
5662.826900000218	16.341	0.007
5662.865050000139	16.341	0.006
5662.907010000199	16.354	0.007
5663.767740000039	16.345	0.005
5664.770179999992	16.352	0.008
5664.810990000144	16.353	0.007
5664.871400000062	16.334	0.008
5664.915049999952	16.353	0.007
5665.739049999975	16.366	0.009
5665.78487000009	16.356	0.006
5665.849200000055	16.341	0.007
5665.896769999992	16.347	0.006
5667.720960000064	16.345	0.007
5667.773550000042	16.339	0.007
5667.826009999961	16.374	0.006
5667.878709999844	16.353	0.006
5667.924360000063	16.361	0.006
5668.76249000011	16.365	0.008
5668.829969999846	16.366	0.008
5668.887079999782	16.362	0.007
5668.92621999979	16.35	0.007
5669.775820000097	16.346	0.006
5669.8145699999295	16.345	0.007
5669.87659	16.352	0.007
5669.920599999838	16.348	0.008
5670.750359999947	16.355	0.008
5670.802579999901	16.328	0.007
5670.854739999864	16.355	0.007
5670.89617000008	16.363	0.007
5671.731730000116	16.35	0.008
5671.772179999854	16.341	0.006
5675.734250000212	16.353	0.007
5675.772609999869	16.354	0.008
5675.811970000155	16.366	0.009
5675.8713299999945	16.345	0.006
5675.924260000233	16.354	0.007
5676.699229999911	16.356	0.004
5676.7384000001475	16.357	0.005
5676.777269999962	16.346	0.006
5676.827639999799	16.326	0.006
5676.878149999771	16.349	0.006
5676.927569999825	16.341	0.006
5677.733349999879	16.347	0.006
5677.776949999854	16.358	0.006
5677.827339999843	16.345	0.007
5677.879319999833	16.342	0.006
5677.919209999964	16.333	0.006
5679.697219999973	16.353	0.007
5679.739120000042	16.373	0.006
5679.791069999803	16.366	0.007
5679.842120000161	16.34	0.007
5679.88348999992	16.361	0.006
5679.922410000116	16.352	0.006
5680.6847199997865	16.362	0.007
5680.7231399999	16.346	0.008
5680.771809999831	16.363	0.007
5680.825050000101	16.364	0.007
5680.86800999986	16.365	0.007
5680.908809999935	16.341	0.006
5681.675119999796	16.346	0.008
5681.713339999784	16.338	0.007
5681.752630000003	16.331	0.006
5681.803520000074	16.36	0.007
5681.858570000157	16.362	0.009
5681.900249999948	16.351	0.007
5682.662490000017	16.353	0.007
5682.703300000168	16.347	0.007
5682.750570000149	16.365	0.006
5682.79310999997	16.357	0.007
5682.883150000125	16.353	0.006
5682.922830000054	16.351	0.006
5683.684539999813	16.358	0.007
5683.734060000163	16.353	0.007
5683.803890000097	16.354	0.006
5683.862249999773	16.353	0.007
5683.904399999883	16.361	0.006
5684.654099999927	16.363	0.006
5684.70708000008	16.365	0.006
5684.766230000183	16.345	0.006
5684.81866999995	16.362	0.007
5684.878060000017	16.369	0.006
5684.918990000151	16.343	0.006
5685.744779999834	16.358	0.006
5685.793349999934	16.341	0.006
5685.845720000099	16.355	0.006
5685.889140000101	16.359	0.006
5685.9394800001755	16.338	0.013
5686.694019999821	16.359	0.007
5686.742759999819	16.344	0.006
5686.800129999872	16.356	0.006
5686.847449999768	16.371	0.007
5686.889390000142	16.351	0.008
5686.929130000062	16.352	0.007
5687.686089999974	16.347	0.008
5687.729150000028	16.349	0.007
5687.779959999956	16.351	0.007
5687.833219999913	16.353	0.005
5688.846049999818	16.348	0.006
5688.914069999941	16.351	0.008
5689.686509999912	16.346	0.006
5689.751379999798	16.346	0.007
5689.800700000022	16.353	0.006
5690.621590000112	16.364	0.005
5690.667679999955	16.37	0.006
5690.718640000094	16.36	0.006
5690.780979999807	16.342	0.007
5690.820830000099	16.365	0.006
5690.88396999985	16.353	0.008
5691.646420000121	16.378	0.008
5691.707779999822	16.342	0.006
5691.758229999803	16.347	0.007
5691.802540000062	16.353	0.007
5691.851050000172	16.362	0.007
5691.908189999871	16.359	0.008
5692.649499999825	16.348	0.008
5692.706400000025	16.334	0.007
5692.753690000158	16.349	0.006
5692.791650000028	16.35	0.006
5692.8319899998605	16.349	0.008
5692.870649999939	16.36	0.006
5692.908299999777	16.365	0.007
5693.616179999895	16.365	0.007
5693.658780000173	16.371	0.007
5693.728180000093	16.344	0.006
5693.777220000047	16.347	0.006
5693.815799999982	16.336	0.006
5693.853970000055	16.344	0.006
5693.891840000171	16.364	0.006
5693.933660000097	16.354	0.008
5694.635009999853	16.355	0.007
5694.669970000163	16.342	0.006
5694.734970000107	16.326	0.007
5694.7825199998915	16.332	0.007
5694.824760000221	16.343	0.006
5694.862019999884	16.341	0.006
5694.899619999807	16.348	0.007
5694.938759999815	16.35	0.009
5695.64515999984	16.354	0.008
5695.693489999976	16.339	0.007
5695.7811699998565	16.347	0.007
5695.825040000025	16.338	0.006
5695.864159999881	16.339	0.006
5695.901599999983	16.337	0.006
5695.939590000082	16.351	0.008
5696.629619999789	16.325	0.007
5696.681299999822	16.364	0.007
5696.728759999853	16.358	0.007
5696.767980000004	16.329	0.007
5696.810130000114	16.339	0.007
5696.852659999859	16.338	0.007
5696.903049999848	16.362	0.007
5697.601830000058	16.338	0.008
5697.638950000051	16.347	0.007
5697.696549999993	16.338	0.006
5697.734000000171	16.342	0.007
5697.774970000144	16.34	0.007
5697.81650000019	16.348	0.006
5697.854689999949	16.352	0.006
5697.898759999778	16.339	0.006
5697.93918999983	16.334	0.009
5698.631639999803	16.361	0.008
5698.680910000112	16.368	0.008
5698.719870000146	16.358	0.008
5698.76007999992	16.315	0.009
5698.801179999951	16.334	0.008
5698.840929999948	16.339	0.007
5698.880700000096	16.343	0.008
5698.925449999981	16.347	0.009
5702.636549999937	16.346	0.013
5702.665719999932	16.361	0.012
5702.754180000164	16.335	0.013
5702.784419999924	16.335	0.011
5702.920969999861	16.354	0.013
5703.746069999877	16.356	0.009
5703.8172200000845	16.338	0.01
5703.866880000103	16.35	0.01
5705.738700000104	16.356	0.008
5705.781549999956	16.328	0.007
5705.833019999787	16.336	0.008
5705.887050000019	16.371	0.01
5705.936459999997	16.347	0.01
5706.715160000138	16.355	0.009
5706.770610000007	16.346	0.009
5706.843069999944	16.367	0.008
5707.573259999976	16.344	0.009
5707.615710000042	16.362	0.008
5707.66276000021	16.344	0.008
5707.710500000045	16.366	0.007
5707.749019999988	16.341	0.007
5707.789749999996	16.348	0.006
5707.829510000069	16.337	0.007
5707.869280000217	16.35	0.008
5707.909630000126	16.349	0.009
5708.594359999988	16.336	0.008
5708.640550000127	16.359	0.009
5708.6903699999675	16.343	0.007
5708.739510000218	16.349	0.007
5708.78134999983	16.359	0.009
5708.8311899998225	16.348	0.006
5708.878579999786	16.336	0.009
5709.563229999971	16.365	0.007
5709.610799999908	16.344	0.007
5709.623529999983	16.365	0.007
5709.663579999935	16.372	0.006
5710.7316100001335	16.361	0.006
5712.564970000181	16.376	0.011
5712.6353699998	16.366	0.007
5712.647900000215	16.353	0.007
5712.708930000197	16.349	0.006
5712.749749999959	16.352	0.006
5712.791439999826	16.356	0.006
5712.830510000233	16.345	0.006
5712.877940000035	16.346	0.007
5713.758289999794	16.357	0.006
5713.794420000166	16.352	0.006
5713.806869999971	16.356	0.006
5713.845290000085	16.379	0.006
5714.5743100000545	16.354	0.008
5714.65513999993	16.355	0.007
5714.668089999817	16.391	0.005
5714.872709999792	16.341	0.008
5715.655720000155	16.346	0.006
5715.700350000057	16.34	0.006
5715.745380000211	16.334	0.006
5715.791970000137	16.347	0.006
5715.834509999957	16.358	0.007
5715.889700000174	16.33	0.008
5716.574450000189	16.367	0.008
5716.665130000096	16.359	0.008
5716.677869999781	16.353	0.008
5716.730589999817	16.364	0.007
5716.774050000124	16.347	0.008
5716.813910000026	16.334	0.007
5716.8537499997765	16.341	0.008
5716.8928899997845	16.333	0.008
5721.595509999897	16.357	0.006
5721.608010000084	16.333	0.007
5721.62042000005	16.346	0.007
5721.672770000063	16.357	0.006
5721.685349999927	16.359	0.007
5721.6985100000165	16.349	0.006
5721.765699999873	16.344	0.006
5721.805269999895	16.334	0.005
5721.84635999985	16.323	0.007
5721.8962500002235	16.339	0.008
5722.590729999822	16.331	0.006
5722.64515999984	16.351	0.007
5722.699760000221	16.348	0.007
5722.765259999782	16.348	0.006
5722.805000000168	16.349	0.006
5723.546219999902	16.369	0.008
5723.585709999781	16.354	0.007
5723.633839999791	16.348	0.007
5723.683790000156	16.356	0.007
5723.723809999879	16.353	0.006
5723.7633600002155	16.344	0.006
5723.80194000015	16.34	0.006
5723.841589999851	16.326	0.006
5724.537010000087	16.351	0.011
5724.584629999939	16.373	0.008
5724.598850000184	16.346	0.008
5724.6114500002	16.352	0.008
5724.66213000007	16.346	0.007
5724.723540000152	16.344	0.008
5724.773349999916	16.334	0.007
5724.814410000108	16.358	0.008
5725.564410000108	16.358	0.007
5725.631779999938	16.343	0.006
5725.698429999873	16.348	0.006
5725.739010000136	16.349	0.006
5725.777910000179	16.351	0.006
5726.536400000099	16.356	0.01
5726.578759999946	16.341	0.008
5726.625829999801	16.335	0.008
5726.673159999773	16.333	0.008
5726.712629999965	16.341	0.006
5726.753159999847	16.35	0.007
5726.798640000168	16.329	0.008
5734.611080000177	16.357	0.008
5734.688300000038	16.342	0.008
5734.7362500000745	16.348	0.009
5734.779899999965	16.355	0.008
5734.829899999779	16.351	0.009
5734.872500000056	16.368	0.011
5735.663399999961	16.35	0.009
5735.723259999882	16.337	0.007
5735.772719999775	16.357	0.007
5735.818969999906	16.343	0.007
5735.8658400001	16.367	0.008
5736.520920000039	16.364	0.008
5736.5639300001785	16.344	0.007
5736.604470000137	16.335	0.006
5736.648209999781	16.347	0.005
5736.688349999953	16.335	0.006
5736.76977000013	16.346	0.006
5736.815320000052	16.337	0.006
5736.862430000212	16.339	0.007
5737.507350000087	16.353	0.009
5737.547230000142	16.344	0.006
5737.599739999976	16.355	0.006
5737.642119999975	16.355	0.006
5737.696959999856	16.338	0.006
5737.736479999963	16.338	0.006
5737.777089999989	16.344	0.006
5737.823830000125	16.333	0.006
5737.865100000054	16.344	0.007
5738.537250000052	16.347	0.007
5738.576690000016	16.359	0.007
5738.617399999872	16.337	0.007
5738.668850000016	16.347	0.006
5738.723029999994	16.343	0.006
5738.762750000227	16.329	0.005
5739.51557999989	16.345	0.008
5739.553600000218	16.358	0.008
5739.591880000196	16.357	0.008
5739.642860000022	16.341	0.006
5739.700960000046	16.346	0.007
5739.739049999975	16.339	0.006
5739.778109999839	16.343	0.007
5739.825420000125	16.344	0.007
5739.8746699998155	16.354	0.01
5740.530629999936	16.349	0.007
5740.572829999961	16.351	0.009
5740.634169999976	16.353	0.008
5740.688159999903	16.335	0.006
5740.737499999814	16.356	0.006
5740.776399999857	16.351	0.006
5740.8213100000285	16.321	0.007
5740.868280000053	16.316	0.008
5741.508169999812	16.365	0.008
5741.546380000189	16.346	0.007
5741.591579999775	16.337	0.007
5741.6294700000435	16.338	0.006
5741.68012000015	16.336	0.006
5741.7291199998	16.359	0.006
5741.7702000001445	16.351	0.006
5741.808790000156	16.357	0.007
5741.846810000017	16.337	0.006
5741.885580000002	16.344	0.007
5742.521209999919	16.352	0.008
5742.564420000184	16.334	0.007
5742.602669999935	16.343	0.007
5742.661739999894	16.344	0.006
5742.70336999977	16.34	0.006
5742.741959999781	16.37	0.006
5742.7802300001495	16.347	0.006
5742.818310000002	16.335	0.006
5742.858459999785	16.355	0.006
5743.614469999913	16.359	0.008
5743.652360000182	16.367	0.008
5743.7058000001125	16.334	0.008
5743.753330000211	16.349	0.007
5743.791129999794	16.357	0.007
5743.829049999826	16.333	0.007
5743.866839999799	16.338	0.008
5744.51090000011	16.351	0.009
5744.548770000227	16.346	0.008
5744.5873400000855	16.339	0.007
5744.625539999921	16.342	0.007
5744.700889999978	16.341	0.007
5744.762089999858	16.373	0.007
5744.805819999892	16.336	0.007
5744.851340000052	16.35	0.01
5745.4998300001025	16.34	0.008
5745.539080000017	16.345	0.007
5745.585849999916	16.354	0.008
5745.625570000149	16.367	0.009
5745.68600999983	16.352	0.007
5745.724380000029	16.352	0.006
5745.762540000025	16.332	0.008
5745.800480000209	16.335	0.009
5746.543440000154	16.369	0.008
5746.597070000134	16.349	0.007
5746.634949999861	16.353	0.007
5746.703619999811	16.356	0.008
5746.741380000021	16.362	0.007
5746.778979999945	16.343	0.008
5746.821399999782	16.316	0.01
5747.598410000093	16.359	0.01
5747.641830000095	16.343	0.009
5747.68832000019	16.339	0.01
5747.731490000151	16.333	0.009
5747.77565999981	16.334	0.008
5748.617480000015	16.377	0.008
5748.668920000084	16.338	0.006
5749.512980000116	16.334	0.009
5749.550580000039	16.344	0.008
5749.588380000088	16.341	0.007
5749.628409999888	16.348	0.007
5749.6787200002	16.351	0.009
5749.717279999983	16.326	0.007
5749.75549999997	16.34	0.008
5749.79504000023	16.348	0.009
5752.557080000173	16.338	0.009
5752.60112999985	16.36	0.01
5752.651389999781	16.343	0.008
5752.7017100001685	16.334	0.007
5752.747479999904	16.325	0.007
5753.483969999943	16.377	0.015
5753.537430000026	16.344	0.009
5753.585849999916	16.332	0.01
5753.642409999855	16.334	0.009
5753.7373899999075	16.319	0.012
5759.819560000207	16.353	0.01
5760.477919999976	16.372	0.011
5760.515569999814	16.357	0.009
5760.572039999999	16.346	0.009
5760.623990000226	16.352	0.008
5760.671680000145	16.347	0.007
5760.723120000213	16.344	0.008
5760.76138000004	16.349	0.007
5760.799070000183	16.35	0.007
5761.534070000052	16.346	0.004
5761.59057	16.323	0.005
5762.499139999971	16.346	0.008
5762.537380000111	16.365	0.007
5762.575310000218	16.364	0.008
5762.616909999866	16.337	0.008
5762.656179999933	16.339	0.008
5762.693429999985	16.348	0.007
5762.731660000049	16.335	0.008
5763.487240000162	16.353	0.007
5763.531849999912	16.343	0.006
5763.573309999891	16.346	0.006
5763.67370999977	16.326	0.007
5763.721400000155	16.357	0.007
5763.759099999908	16.351	0.007
5764.496900000144	16.342	0.007
5764.536499999929	16.35	0.006
5764.576439999975	16.351	0.007
5764.625649999827	16.355	0.006
5764.667169999797	16.366	0.006
5764.715119999833	16.359	0.006
5764.782980000135	16.328	0.007
5765.49513000017	16.33	0.007
5765.538319999818	16.334	0.007
5765.600910000037	16.339	0.006
5765.64728000015	16.331	0.006
5765.690409999806	16.337	0.007
5765.738109999802	16.344	0.007
5766.468340000138	16.344	0.008
5766.507029999979	16.352	0.007
5766.56138999993	16.337	0.007
5766.611080000177	16.343	0.006
5766.651910000015	16.335	0.006
5766.69338000007	16.344	0.007
5766.736820000224	16.333	0.008
5767.483959999867	16.347	0.008
5767.528599999845	16.329	0.008
5767.5715200002305	16.361	0.007
5767.632110000122	16.333	0.007
5767.696039999835	16.333	0.007
5767.7384000001475	16.333	0.007
5767.77966	16.353	0.009
5768.4735599998385	16.344	0.008
5768.51389000006	16.346	0.007
5768.574229999911	16.35	0.006
5768.617019999772	16.351	0.007
5768.663689999841	16.332	0.006
5768.713860000018	16.338	0.006
5768.754129999783	16.342	0.006
5768.79282000009	16.355	0.007
5769.499009999912	16.354	0.007
5769.540190000087	16.34	0.006
5769.595309999771	16.335	0.007
5769.662649999838	16.343	0.006
5769.712160000112	16.355	0.006
5769.754499999806	16.342	0.007
5770.655050000176	16.333	0.008
5770.7397500001825	16.34	0.007
5775.554219999816	16.353	0.009
5775.621019999962	16.349	0.009
5776.5262799998745	16.332	0.01
5776.587559999898	16.32	0.009
5776.634099999908	16.339	0.008
5776.702289999928	16.332	0.007
5776.750519999769	16.316	0.01
5777.506560000125	16.349	0.006
5777.556549999863	16.341	0.006
5777.6326700001955	16.347	0.006
5777.69299999997	16.344	0.006
5777.757650000043	16.351	0.006
5778.490230000112	16.336	0.01
5778.542280000169	16.327	0.009
5778.5944699998945	16.333	0.008
5779.582599999849	16.358	0.006
5779.628149999771	16.346	0.006
5779.682380000129	16.335	0.008
5779.723369999789	16.356	0.007
5784.512759999838	16.35	0.011
5784.598970000166	16.348	0.007
5784.714449999854	16.336	0.012
5785.487889999989	16.335	0.009
5785.559350000229	16.367	0.009
5785.609970000107	16.377	0.009
5785.654399999883	16.351	0.008
5785.696690000128	16.358	0.008
5786.477130000014	16.349	0.01
5786.553890000097	16.361	0.01
5786.598280000035	16.35	0.007
5786.641330000013	16.348	0.007
5786.695199999958	16.352	0.008
5786.742229999974	16.31	0.01
5787.518540000077	16.324	0.007
5787.577020000201	16.344	0.007
5787.619770000223	16.339	0.006
5787.660550000146	16.344	0.007
5787.70345999999	16.345	0.007
5788.472200000193	16.353	0.009
5788.527600000147	16.331	0.007
5788.581799999811	16.357	0.007
5788.620120000094	16.34	0.007
5788.66276000021	16.316	0.008
5788.7064399998635	16.351	0.011
5788.744189999998	16.319	0.01
5790.507919999771	16.334	0.008
5790.559859999921	16.342	0.01
5790.600560000166	16.324	0.008
5790.63946999982	16.344	0.008
5790.680579999927	16.361	0.007
5790.7207300001755	16.347	0.007
5791.488470000215	16.329	0.008
5791.567069999874	16.345	0.006
5793.489419999998	16.324	0.007
5793.554810000118	16.346	0.007
5793.594529999886	16.345	0.007
5793.635670000222	16.335	0.007
5793.67491000006	16.346	0.007
5793.715199999977	16.338	0.008
5794.492300000042	16.356	0.008
5794.5602699997835	16.344	0.008
5794.601890000049	16.326	0.007
5794.642949999776	16.332	0.007
5794.688509999774	16.352	0.006
5795.539840000216	16.355	0.009
5795.609699999914	16.354	0.011
5795.696649999823	16.336	0.008
5795.733669999987	16.333	0.008
5796.513919999823	16.35	0.006
5796.5835000001825	16.349	0.008
5796.622599999886	16.347	0.007
5796.663889999967	16.345	0.007
5796.7053399998695	16.318	0.009
5798.686350000091	16.347	0.01
5801.504339999985	16.363	0.007
5801.557310000062	16.328	0.008
5801.59635999985	16.339	0.008
5801.634329999797	16.347	0.01
5801.6759000001475	16.349	0.009
5802.546320000198	16.342	0.008
5802.590100000147	16.323	0.008
5803.522750000004	16.342	0.008
5803.60700999992	16.334	0.008
5804.5302300001495	16.349	0.007
5804.568489999976	16.343	0.006
5804.6088499999605	16.357	0.007
5804.646780000068	16.33	0.007
5804.690760000143	16.353	0.007
5805.53077000007	16.331	0.006
5805.569149999879	16.354	0.006
5805.610160000157	16.336	0.007
5805.658559999894	16.368	0.008
5806.524360000156	16.336	0.009
5806.594759999774	16.346	0.009
5807.564689999912	16.377	0.009
5807.607019999996	16.336	0.009
5807.646759999916	16.358	0.008
5812.509829999879	16.35	0.011
5812.550129999872	16.329	0.009
5812.589509999845	16.34	0.01
5812.632110000122	16.354	0.011
5812.66763000004	16.314	0.014
5813.521439999808	16.335	0.008
5813.563480000012	16.338	0.006
5813.601710000075	16.345	0.006
5813.63946999982	16.356	0.007
5815.500159999821	16.367	0.007
5815.542799999937	16.339	0.006
5815.590290000197	16.337	0.006
5815.628149999771	16.354	0.006
5815.664570000023	16.327	0.006
5816.514059999958	16.35	0.006
5816.561509999912	16.347	0.007
5816.599710000213	16.347	0.009
5816.64038000023	16.318	0.01
5817.515250000171	16.332	0.007
5817.5625	16.34	0.008
5817.601669999771	16.333	0.009
5817.641379999928	16.339	0.009
5818.506089999806	16.328	0.007
5818.543969999999	16.331	0.007
5818.581910000183	16.339	0.009
5818.6223800000735	16.346	0.009
5819.494369999971	16.35	0.007
5819.552629999816	16.366	0.007
5819.590110000223	16.341	0.007
5819.629420000128	16.337	0.007
5820.4829600001685	16.346	0.01
5820.521199999843	16.341	0.008
5820.568260000087	16.35	0.008
5820.606099999975	16.338	0.008
5820.643999999855	16.345	0.008
5822.525280000176	16.368	0.009
5822.5702599999495	16.351	0.008
5822.6137399999425	16.334	0.007
5823.501860000193	16.354	0.01
5823.545179999899	16.349	0.009
5823.588690000121	16.366	0.008
5823.629189999774	16.358	0.009
5824.527520000003	16.353	0.007
5824.566750000231	16.341	0.006
5824.607979999855	16.333	0.007
5825.48750999989	16.331	0.009
5825.5370700000785	16.32	0.008
5825.583420000039	16.343	0.007
5825.625760000199	16.338	0.007
5826.5065700002015	16.356	0.009
5826.5552400001325	16.326	0.008
5826.594750000164	16.305	0.009
5827.494969999883	16.357	0.01
5827.53264999995	16.35	0.009
5827.575490000192	16.35	0.008
5827.613059999887	16.326	0.009
5828.506120000035	16.331	0.007
5828.546029999852	16.336	0.007
5828.583649999928	16.335	0.007
5828.618400000036	16.361	0.007
5829.518879999872	16.34	0.007
5829.55680999998	16.336	0.006
5829.595069999807	16.337	0.006
5830.48273999989	16.363	0.007
5830.532029999886	16.34	0.006
5830.569699999876	16.338	0.007
5831.4802600000985	16.35	0.008
5831.5388199999	16.345	0.006
5831.576260000002	16.331	0.007
5831.611949999817	16.349	0.008
5832.522239999846	16.327	0.006
5832.561850000173	16.333	0.007
5832.600089999847	16.313	0.009
5833.520140000153	16.354	0.007
5833.559669999871	16.341	0.007
5833.597610000055	16.324	0.008
5834.519340000115	16.35	0.006
5834.55709999986	16.338	0.006
5834.593290000223	16.309	0.007
5835.540500000119	16.341	0.01
5836.502909999806	16.347	0.01
5836.53611999983	16.337	0.009
5836.567960000131	16.336	0.01
5839.485770000145	16.353	0.01
5839.525679999962	16.361	0.009
5839.564619999845	16.358	0.009
5839.594990000129	16.288	0.011
5840.515639999881	16.344	0.008
5840.566639999859	16.356	0.007
5840.608450000174	16.341	0.008
5841.511770000216	16.36	0.009
5841.55140999984	16.356	0.009
5841.594399999827	16.338	0.009
5842.513760000002	16.376	0.011
5842.557909999974	16.354	0.01
5842.59832999995	16.341	0.01
5843.5153500000015	16.35	0.008
5843.5561799998395	16.34	0.009
5843.596679999959	16.311	0.01
5844.499660000205	16.343	0.008
5844.539119999856	16.359	0.008
5844.579890000168	16.356	0.01
5845.500020000152	16.351	0.01
5845.539869999979	16.362	0.009
5845.580180000048	16.357	0.012
5846.503860000055	16.368	0.01
5846.541879999917	16.329	0.01
5846.580699999817	16.359	0.012
5850.514570000116	16.354	0.007
5850.553199999966	16.338	0.008
5851.503500000108	16.341	0.007
5851.541850000154	16.352	0.008
5852.491359999869	16.307	0.01
5852.5313300001435	16.36	0.01
5854.494880000129	16.377	0.01
5854.538089999929	16.372	0.008
5855.523899999913	16.352	0.009
5855.551860000007	16.323	0.008
5856.523899999913	16.355	0.009
5857.494270000141	16.334	0.012
5858.496300000232	16.358	0.012
5859.495050000027	16.324	0.011
5859.532480000053	16.34	0.008
5860.50858000014	16.342	0.008
5861.49691999983	16.336	0.009
5861.532370000146	16.332	0.008
5862.516600000206	16.33	0.008
5866.510629999917	16.308	0.01
5867.513809999917	16.324	0.007
5868.515159999952	16.328	0.01
5869.506080000196	16.362	0.012
5870.510720000137	16.325	0.007
5872.4992800001055	16.297	0.01
5873.500459999777	16.286	0.01
5961.878699999768	16.335	0.008
5969.8873100001365	16.326	0.008
5971.861659999937	16.33	0.006
5972.877299999818	16.322	0.007
5976.867120000068	16.326	0.006
5977.825219999999	16.326	0.007
5977.86603000015	16.305	0.006
5978.838070000056	16.326	0.007
5978.876550000161	16.327	0.006
5979.8289000000805	16.3	0.007
5979.868369999807	16.323	0.008
5980.849859999958	16.336	0.008
5982.8156200000085	16.315	0.007
5982.854290000163	16.309	0.006
5982.901550000068	16.317	0.008
5983.846059999894	16.324	0.007
5983.893610000145	16.316	0.005
5984.83637000015	16.325	0.006
5984.883700000122	16.316	0.006
5985.811970000155	16.336	0.007
5985.858620000072	16.33	0.007
5985.902139999904	16.294	0.007
5986.828610000201	16.326	0.007
5986.866979999933	16.308	0.006
5987.80801999988	16.329	0.008
5987.843429999892	16.335	0.006
5987.8928399998695	16.307	0.006
5988.81949000014	16.31	0.007
5988.86043999996	16.33	0.006
5989.803499999922	16.331	0.008
5989.838080000132	16.313	0.007
5989.87992000021	16.311	0.007
5990.797759999987	16.333	0.008
5990.834470000118	16.316	0.006
5990.875930000097	16.312	0.007
5991.808139999863	16.34	0.01
5991.8510099998675	16.323	0.007
5991.902540000156	16.312	0.006
5992.826080000028	16.318	0.006
5992.868180000223	16.331	0.006
5993.7870200001635	16.323	0.01
5993.833610000089	16.306	0.009
5993.8734800000675	16.305	0.007
5994.802490000147	16.313	0.007
5994.8278500000015	16.316	0.006
5994.878570000175	16.308	0.007
5995.781299999915	16.299	0.006
5995.810500000138	16.309	0.006
5995.843679999933	16.318	0.006
5995.892810000107	16.323	0.006
5996.797280000057	16.309	0.006
5996.834850000218	16.307	0.006
5996.881599999964	16.311	0.005
5997.792710000183	16.298	0.007
5997.828699999955	16.319	0.006
5997.877059999853	16.313	0.006
5997.914780000225	16.305	0.008
5998.804570000153	16.313	0.006
5998.85354000004	16.3	0.006
5998.894830000121	16.307	0.006
5999.837970000226	16.318	0.006
5999.875889999792	16.308	0.006
5999.913889999967	16.299	0.006
6002.810560000129	16.31	0.008
6002.840499999933	16.342	0.008
6002.881200000178	16.323	0.008
6003.86231000023	16.301	0.008
6004.756690000184	16.325	0.008
6004.795020000078	16.296	0.007
6004.8528599999845	16.313	0.007
6004.890519999899	16.321	0.006
6005.758270000108	16.318	0.007
6005.799320000224	16.302	0.006
6005.847870000172	16.306	0.006
6005.904639999848	16.301	0.005
6006.770029999781	16.313	0.006
6006.8229100001045	16.312	0.005
6006.873840000015	16.302	0.006
6006.911489999853	16.302	0.006
6007.766999999993	16.304	0.006
6007.814389999956	16.319	0.006
6007.862430000212	16.317	0.006
6007.9004299999215	16.307	0.005
6008.759060000069	16.291	0.006
6008.797929999884	16.304	0.006
6008.854540000204	16.314	0.007
6008.89375999989	16.308	0.007
6009.750430000015	16.297	0.006
6009.786319999956	16.297	0.005
6009.84384000022	16.306	0.006
6009.881649999879	16.303	0.005
6009.9194999998435	16.276	0.007
6010.764789999928	16.295	0.006
6010.813889999874	16.315	0.006
6010.863839999773	16.288	0.005
6010.901459999848	16.303	0.005
6011.743710000068	16.307	0.007
6011.793969999999	16.313	0.006
6011.869349999819	16.284	0.007
6011.907639999874	16.3	0.007
6012.749429999851	16.292	0.007
6012.79581000004	16.305	0.006
6012.845170000102	16.298	0.005
6012.8922500000335	16.293	0.005
6013.751470000017	16.315	0.007
6013.789239999838	16.282	0.005
6013.830329999793	16.282	0.005
6013.891429999843	16.3	0.005
6014.727130000014	16.305	0.007
6014.766199999955	16.302	0.006
6014.804450000171	16.286	0.005
6014.864599999972	16.284	0.006
6014.903890000191	16.308	0.007
6015.743240000214	16.295	0.006
6015.782689999789	16.289	0.005
6015.821399999782	16.284	0.005
6015.870550000109	16.29	0.005
6015.912500000093	16.313	0.006
6016.762730000075	16.298	0.005
6016.8030900000595	16.289	0.005
6016.865850000177	16.293	0.005
6016.906229999848	16.289	0.005
6017.738049999811	16.306	0.006
6017.776190000121	16.294	0.005
6017.814499999862	16.282	0.005
6017.872950000223	16.292	0.005
6017.913100000005	16.288	0.005
6018.76456000004	16.265	0.007
6018.803439999931	16.285	0.007
6018.843319999985	16.282	0.005
6018.908379999921	16.286	0.005
6019.731600000057	16.292	0.007
6019.770140000153	16.291	0.006
6019.82874999987	16.29	0.007
6019.866659999825	16.296	0.005
6019.905160000082	16.289	0.005
6020.723610000219	16.292	0.006
6020.762139999773	16.265	0.005
6020.81828999985	16.281	0.005
6020.857069999911	16.285	0.005
6020.896480000112	16.29	0.007
6021.708120000083	16.299	0.008
6021.744859999977	16.286	0.006
6021.783880000003	16.27	0.005
6021.822509999853	16.276	0.005
6021.880840000231	16.277	0.006
6021.921310000122	16.292	0.006
6022.7324100001715	16.287	0.006
6022.77069000015	16.294	0.006
6022.808939999901	16.286	0.005
6022.866450000089	16.303	0.006
6022.908520000055	16.289	0.005
6023.726439999882	16.307	0.007
6023.766350000165	16.283	0.006
6023.806950000115	16.283	0.007
6023.847080000211	16.281	0.006
6023.911580000073	16.278	0.006
6024.712019999977	16.291	0.007
6024.752290000208	16.279	0.006
6024.791350000072	16.282	0.007
6024.853809999768	16.277	0.006
6024.90364000015	16.281	0.006
6025.709650000092	16.251	0.008
6025.750119999982	16.306	0.007
6025.789919999894	16.287	0.007
6025.843179999851	16.293	0.007
6025.894700000063	16.266	0.006
6026.723259999882	16.286	0.014
6029.834369999822	16.264	0.007
6029.888530000113	16.255	0.006
6031.751709999982	16.261	0.007
6031.791590000037	16.275	0.006
6031.831129999831	16.257	0.007
6031.872419999912	16.245	0.006
6031.933339999989	16.283	0.01
6032.709830000065	16.261	0.006
6032.747899999842	16.267	0.005
6032.805939999875	16.257	0.005
6032.846820000093	16.275	0.006
6032.888350000139	16.268	0.005
6032.928470000159	16.261	0.007
6033.724849999882	16.259	0.007
6033.76996000018	16.262	0.006
6033.840979999863	16.243	0.007
6033.879939999897	16.277	0.006
6033.92144000018	16.257	0.007
6034.719889999833	16.264	0.005
6034.767620000057	16.264	0.005
6034.82305999985	16.262	0.005
6034.912599999923	16.237	0.006
6035.851480000187	16.265	0.006
6035.920789999887	16.251	0.006
6036.712859999854	16.245	0.006
6036.757019999903	16.257	0.005
6036.833169999998	16.247	0.005
6036.879069999792	16.251	0.005
6036.934839999769	16.249	0.007
6037.741330000106	16.249	0.006
6037.782139999792	16.244	0.006
6037.851230000146	16.246	0.006
6037.895359999966	16.264	0.006
6038.709280000068	16.246	0.007
6038.7512099999	16.236	0.006
6038.800770000089	16.26	0.006
6038.85691000009	16.242	0.006
6038.900619999971	16.241	0.006
6039.731689999811	16.261	0.007
6039.774900000077	16.232	0.006
6039.82909000013	16.25	0.007
6039.880650000181	16.241	0.006
6039.921939999796	16.246	0.006
6040.749640000053	16.268	0.006
6040.791600000113	16.236	0.006
6040.842749999836	16.25	0.006
6040.896019999869	16.239	0.006
6040.934100000188	16.237	0.009
6041.7411899999715	16.23	0.006
6041.78665000014	16.253	0.006
6041.835680000018	16.253	0.006
6041.889130000025	16.239	0.005
6041.92742000008	16.236	0.006
6045.921389999799	16.24	0.006
6046.893430000171	16.237	0.006
6046.932330000214	16.23	0.006
6047.706830000039	16.231	0.007
6047.745749999769	16.214	0.005
6047.784789999947	16.225	0.005
6047.845420000143	16.235	0.006
6047.898269999772	16.238	0.006
6048.684090000112	16.226	0.006
6048.7232200000435	16.223	0.006
6048.775400000159	16.231	0.006
6048.825540000107	16.227	0.006
6048.869580000173	16.228	0.006
6048.9142599999905	16.245	0.006
6049.69309000019	16.222	0.006
6049.745920000132	16.219	0.005
6049.805040000007	16.212	0.005
6049.8450199998915	16.227	0.005
6049.886710000224	16.214	0.005
6049.925919999834	16.225	0.005
6050.6819000002	16.219	0.006
6050.721150000114	16.221	0.006
6050.790810000151	16.214	0.006
6050.831100000069	16.197	0.005
6050.870209999848	16.217	0.005
6050.908939999994	16.203	0.006
6051.654399999883	16.202	0.006
6051.740490000229	16.198	0.006
6052.666610000189	16.226	0.007
6052.704690000042	16.221	0.007
6052.762269999832	16.204	0.006
6052.80140999984	16.204	0.006
6052.841880000196	16.217	0.006
6052.881539999973	16.223	0.006
6052.919919999782	16.222	0.006
6053.657819999848	16.21	0.008
6053.698189999908	16.204	0.008
6053.735929999966	16.182	0.005
6053.7933100000955	16.196	0.005
6053.846599999815	16.205	0.006
6053.889990000054	16.201	0.006
6053.929039999843	16.213	0.006
6054.8873999998905	16.193	0.006
6057.6786899999715	16.183	0.008
6057.740710000042	16.192	0.009
6057.773959999904	16.213	0.007
6057.811650000047	16.213	0.007
6057.839000000153	16.187	0.007
6057.87191000022	16.181	0.006
6057.903320000041	16.186	0.007
6057.918349999934	16.189	0.007
6057.936600000132	16.191	0.007
6058.704549999908	16.186	0.006
6058.744140000083	16.199	0.006
6058.7840300002135	16.184	0.005
6058.834040000103	16.207	0.006
6058.874799999874	16.19	0.006
6058.914710000157	16.155	0.006
6059.682409999892	16.175	0.006
6059.720840000082	16.178	0.006
6059.759080000222	16.201	0.006
6059.808920000214	16.167	0.005
6059.85821999982	16.185	0.005
6059.897169999778	16.181	0.005
6059.936240000185	16.198	0.006
6060.809439999983	16.187	0.006
6061.697569999844	16.176	0.006
6061.736370000057	16.189	0.006
6061.797300000209	16.18	0.005
6061.837350000162	16.176	0.005
6061.875229999889	16.166	0.006
6061.914030000102	16.173	0.006
6062.653460000176	16.193	0.007
6062.695460000075	16.183	0.006
6062.734910000116	16.176	0.006
6062.773370000068	16.174	0.006
6062.835620000027	16.17	0.005
6062.874270000029	16.165	0.005
6062.912289999891	16.169	0.006
6063.743819999974	16.169	0.009
6063.804849999957	16.174	0.007
6063.843410000205	16.169	0.007
6063.901099999901	16.167	0.005
6063.939619999845	16.138	0.007
6064.727539999876	16.164	0.005
6064.77603999991	16.15	0.004
6064.830399999861	16.159	0.005
6064.870409999974	16.153	0.005
6064.912390000187	16.159	0.006
6065.620289999992	16.145	0.006
6065.660560000222	16.178	0.006
6065.699140000157	16.164	0.005
6065.747260000091	16.167	0.005
6065.800939999986	16.168	0.006
6065.840110000223	16.17	0.005
6066.6252199998125	16.156	0.005
6066.663019999862	16.158	0.005
6066.70110000018	16.163	0.005
6066.751170000061	16.167	0.005
6066.804899999872	16.15	0.005
6066.846119999886	16.147	0.005
6066.886419999879	16.165	0.005
6066.924649999943	16.152	0.005
6067.609379999805	16.155	0.005
6067.649799999781	16.153	0.005
6067.687990000006	16.16	0.005
6067.726470000111	16.157	0.005
6067.7762799998745	16.162	0.005
6067.827099999879	16.146	0.005
6067.866020000074	16.145	0.005
6067.90402999986	16.15	0.005
6067.941769999918	16.132	0.006
6068.601629999932	16.154	0.006
6068.613830000162	16.15	0.006
6068.623259999789	16.156	0.005
6068.637769999914	16.157	0.005
6068.656769999769	16.151	0.005
6068.672389999963	16.136	0.005
6068.691039999947	16.158	0.005
6068.705010000151	16.155	0.005
6068.719240000006	16.151	0.005
6068.735220000148	16.154	0.005
6068.756560000125	16.148	0.005
6068.801860000007	16.144	0.005
6068.826270000078	16.147	0.005
6068.856329999864	16.165	0.005
6068.869220000226	16.147	0.005
6068.877650000155	16.155	0.005
6068.907689999789	16.13	0.005
6068.941870000213	16.144	0.006
6069.633760000113	16.135	0.006
6069.690229999833	16.145	0.004
6069.731989999767	16.135	0.005
6069.784889999777	16.149	0.004
6069.840590000153	16.143	0.005
6069.88116999995	16.139	0.005
6069.91941000009	16.14	0.004
6070.601360000204	16.14	0.007
6070.639589999802	16.144	0.007
6070.679419999942	16.154	0.005
6070.717769999988	16.145	0.005
6070.766090000048	16.141	0.005
6070.816449999809	16.134	0.005
6070.856259999797	16.127	0.005
6070.894830000121	16.137	0.006
6070.933939999901	16.137	0.005
6071.601600000169	16.138	0.006
6071.680490000173	16.144	0.006
6071.719159999862	16.128	0.005
6071.76707000006	16.137	0.005
6071.820880000014	16.127	0.005
6071.8601500000805	16.117	0.006
6071.898500000127	16.117	0.005
6071.936019999906	16.133	0.007
6075.593979999889	16.116	0.005
6075.633340000175	16.114	0.005
6075.671790000051	16.103	0.004
6075.713239999954	16.116	0.006
6075.777410000097	16.104	0.005
6075.815899999812	16.104	0.005
6075.8604500000365	16.106	0.005
6076.586720000021	16.104	0.005
6076.624969999772	16.109	0.005
6076.675160000101	16.099	0.006
6076.722320000175	16.099	0.005
6076.770870000124	16.105	0.005
6076.80989000015	16.106	0.005
6076.852080000099	16.09	0.005
6076.898539999966	16.083	0.005
6076.942739999853	16.072	0.007
6077.734680000227	16.102	0.005
6077.796659999993	16.121	0.004
6077.844159999862	16.106	0.004
6077.887740000151	16.109	0.005
6077.926440000068	16.104	0.004
6078.608469999861	16.112	0.006
6078.646240000147	16.084	0.005
6078.68460999988	16.096	0.005
6078.734740000218	16.097	0.005
6078.788680000231	16.099	0.005
6078.826940000057	16.092	0.005
6078.871050000191	16.077	0.005
6078.909190000035	16.071	0.005
6079.573410000186	16.093	0.005
6079.612710000016	16.088	0.005
6079.6506400001235	16.089	0.005
6079.696529999841	16.086	0.005
6079.762180000078	16.086	0.005
6079.8033400001	16.081	0.005
6079.854090000037	16.078	0.005
6079.891909999773	16.084	0.005
6079.9316799999215	16.076	0.005
6080.583050000016	16.078	0.006
6080.621069999877	16.083	0.006
6080.659289999865	16.077	0.005
6080.7074899999425	16.066	0.005
6080.74888999993	16.067	0.006
6080.788550000172	16.066	0.005
6080.8368799998425	16.081	0.005
6080.884349999949	16.076	0.006
6080.92910999991	16.078	0.005
6081.578770000022	16.063	0.007
6081.616580000147	16.059	0.006
6081.657480000053	16.08	0.006
6081.702930000145	16.068	0.005
6081.74132000003	16.05	0.005
6081.789890000131	16.059	0.005
6081.838630000129	16.076	0.005
6081.878779999912	16.058	0.005
6081.92694000015	16.055	0.007
6082.6105399997905	16.076	0.008
6082.64925999986	16.072	0.008
6082.700329999905	16.076	0.008
6082.7376000001095	16.068	0.008
6082.814979999792	16.058	0.007
6082.852890000213	16.07	0.008
6082.894530000165	16.052	0.008
6085.57378999982	16.039	0.006
6085.625320000108	16.036	0.007
6085.661689999979	16.031	0.005
6085.695100000128	16.041	0.007
6085.785660000052	16.047	0.006
6085.824570000172	16.038	0.006
6085.864269999787	16.042	0.009
6086.556419999804	16.035	0.005
6086.597680000123	16.023	0.005
6086.640930000227	16.031	0.005
6086.679779999889	16.039	0.005
6086.72936000023	16.019	0.004
6086.7811699998565	16.031	0.005
6086.822009999771	16.037	0.005
6086.870879999828	16.036	0.006
6086.9134599999525	16.034	0.006
6087.57667999994	16.048	0.004
6087.614550000057	16.041	0.005
6087.769909999799	16.018	0.005
6087.82041000016	16.012	0.005
6087.86082000006	16.021	0.005
6088.586870000232	16.017	0.005
6088.625159999821	16.017	0.005
6088.663060000166	16.02	0.004
6089.629019999877	16.008	0.004
6089.668120000046	16.008	0.004
6089.727669999935	16.006	0.004
6089.777129999828	15.981	0.004
6089.817329999991	16.013	0.004
6089.916259999853	16.003	0.006
6092.585210000165	15.988	0.005
6092.623259999789	15.993	0.005
6092.663619999774	15.992	0.005
6092.781390000135	15.984	0.004
6092.8615000001155	15.969	0.005
6092.910649999976	15.976	0.006
6093.578319999855	15.975	0.005
6093.617670000065	15.981	0.005
6093.655520000029	15.985	0.005
6093.703290000092	15.99	0.005
6093.778200000059	15.972	0.006
6093.8178599998355	16.006	0.006
6093.856660000049	15.969	0.005
6094.577570000198	15.98	0.007
6094.629060000181	15.975	0.005
6094.666629999876	15.963	0.005
6094.71566999983	15.962	0.005
6094.763530000113	15.957	0.005
6094.801899999846	15.96	0.005
6094.841479999945	15.963	0.005
6094.891460000072	15.955	0.007
6096.589480000082	15.95	0.005
6096.632350000087	15.948	0.005
6096.674970000051	15.951	0.005
6096.749739999883	15.943	0.006
6096.787609999999	15.951	0.006
6096.82976000011	15.932	0.005
6096.869810000062	15.944	0.006
6097.6637599999085	15.931	0.005
6097.727010000031	15.949	0.006
6097.7753400001675	15.937	0.006
6097.813149999827	15.939	0.005
6097.850790000055	15.94	0.005
6097.891189999878	15.932	0.006
6098.566279999912	15.957	0.006
6098.610090000089	15.951	0.006
6098.647729999851	15.943	0.005
6098.686189999804	15.926	0.005
6098.749210000038	15.943	0.005
6098.789609999862	15.926	0.005
6098.828480000142	15.939	0.005
6098.866520000156	15.927	0.006
6099.6266800002195	15.941	0.005
6099.72714000009	15.927	0.007
6099.836319999769	15.904	0.006
6100.539390000049	15.923	0.006
6100.597479999997	15.912	0.006
6100.63479000004	15.935	0.005
6100.6829400002025	15.915	0.004
6100.733959999867	15.906	0.005
6100.771850000136	15.928	0.006
6100.822240000125	15.914	0.006
6100.860129999928	15.903	0.006
6101.536259999964	15.911	0.005
6101.574049999937	15.887	0.005
6101.612100000028	15.909	0.004
6101.651649999898	15.903	0.004
6101.703920000233	15.912	0.004
6101.751740000211	15.909	0.004
6101.791000000201	15.914	0.004
6101.834379999898	15.91	0.005
6102.538379999809	15.908	0.005
6102.586300000083	15.906	0.005
6102.633990000002	15.908	0.005
6102.672989999875	15.897	0.005
6102.713510000147	15.893	0.004
6102.751449999865	15.899	0.004
6102.791550000198	15.913	0.004
6102.832030000165	15.898	0.005
6102.869580000173	15.894	0.005
6103.48909999989	15.926	0.006
6103.543819999788	15.885	0.005
6103.583409999963	15.885	0.005
6103.634130000137	15.89	0.004
6103.681249999907	15.884	0.004
6103.721950000152	15.901	0.004
6103.761770000216	15.901	0.005
6103.782180000097	15.889	0.004
6103.831240000203	15.881	0.005
6104.491270000115	15.89	0.006
6104.5436999998055	15.89	0.004
6104.581269999966	15.875	0.004
6104.617399999872	15.878	0.004
6104.666590000037	15.88	0.004
6104.706819999963	15.884	0.004
6104.747719999868	15.874	0.004
6104.787239999976	15.859	0.004
6104.833279999904	15.868	0.004
6104.869330000132	15.868	0.005
6105.515970000066	15.872	0.005
6105.553900000174	15.89	0.006
6105.60223999992	15.853	0.004
6105.6656599999405	15.853	0.005
6105.706009999849	15.86	0.004
6105.745639999863	15.886	0.005
6106.5652800002135	15.839	0.005
6106.649480000138	15.84	0.005
6108.515920000151	15.786	0.005
6108.554649999831	15.782	0.004
6108.604449999984	15.806	0.005
6108.646149999928	15.786	0.004
6108.701030000113	15.791	0.004
6108.73890999984	15.786	0.004
6108.779459999874	15.777	0.004
6108.821450000163	15.788	0.004
6108.8572999998	15.778	0.004
6109.570460000075	15.802	0.008
6109.665209999774	15.748	0.005
6109.7052000002	15.733	0.004
6109.742550000083	15.723	0.004
6109.786079999991	15.733	0.005
6109.826129999943	15.706	0.005
6109.8661400000565	15.733	0.005
6113.527840000112	15.426	0.004
6113.56501000002	15.46	0.004
6113.602919999976	15.48	0.004
6113.642769999802	15.516	0.004
6113.68359000003	15.525	0.004
6113.722599999979	15.546	0.004
6113.761020000093	15.577	0.004
6113.798770000227	15.601	0.004
6113.839490000159	15.6	0.004
6113.856790000107	15.612	0.005
6114.538699999917	15.759	0.006
6114.5734600001015	15.758	0.005
6114.635520000011	15.773	0.005
6114.707210000139	15.768	0.004
6114.745010000188	15.784	0.004
6114.783400000073	15.773	0.004
6114.824039999861	15.771	0.005
6114.856960000005	15.771	0.006
6115.47564999992	15.804	0.005
6115.509920000099	15.81	0.005
6115.547369999811	15.798	0.004
6115.597399999853	15.815	0.004
6115.645459999796	15.808	0.004
6115.697639999911	15.797	0.005
6115.763009999879	15.795	0.005
6115.8151199999265	15.808	0.006
6116.508729999885	15.809	0.004
6116.5504399999045	15.807	0.004
6116.5892799999565	15.806	0.004
6116.646790000144	15.817	0.004
6116.6852699997835	15.815	0.004
6116.730849999934	15.8	0.004
6116.76986999996	15.807	0.004
6116.8129199999385	15.807	0.005
6117.490460000001	15.808	0.005
6117.528140000068	15.786	0.004
6117.565609999932	15.791	0.004
6117.61549999984	15.772	0.004
6117.66724999994	15.771	0.004
6117.706040000077	15.789	0.004
6117.745620000176	15.771	0.005
6117.78376000002	15.772	0.004
6117.821729999967	15.759	0.004
6118.47526000021	15.736	0.005
6118.518459999934	15.74	0.004
6118.557380000129	15.747	0.004
6118.598050000146	15.737	0.004
6118.664510000031	15.743	0.004
6118.707020000089	15.746	0.004
6118.746019999962	15.737	0.004
6118.783389999997	15.733	0.004
6118.820869999938	15.727	0.004
6118.842860000208	15.73	0.004
6119.473950000014	15.687	0.005
6119.507540000137	15.694	0.005
6119.547919999808	15.681	0.004
6119.595850000158	15.669	0.004
6119.647330000065	15.677	0.004
6119.686249999795	15.671	0.004
6119.751379999798	15.665	0.005
6119.79104000004	15.675	0.005
6119.819029999897	15.666	0.003
6120.502080000006	15.638	0.005
6120.534849999938	15.634	0.005
6120.588030000217	15.62	0.004
6120.646019999869	15.636	0.004
6120.691660000011	15.617	0.004
6120.731250000186	15.62	0.004
6120.772009999957	15.611	0.005
6120.815760000143	15.606	0.004
6121.469049999956	15.615	0.004
6121.489080000203	15.619	0.004
6121.526550000068	15.637	0.004
6121.564290000126	15.618	0.003
6121.621449999977	15.622	0.003
6121.669639999978	15.634	0.003
6121.695309999865	15.634	0.003
6121.733700000215	15.626	0.003
6121.773380000144	15.637	0.004
6122.716550000012	15.643	0.003
6122.720110000111	15.661	0.003
6122.737920000218	15.654	0.003
6122.742080000229	15.657	0.003
6123.5050200000405	15.663	0.005
6123.540049999952	15.674	0.004
6123.577430000063	15.667	0.004
6123.635910000186	15.652	0.004
6123.67742000008	15.656	0.004
6123.715340000112	15.657	0.005
6123.753599999938	15.662	0.004
6123.795659999829	15.654	0.004
6123.825989999808	15.661	0.004
6124.484019999858	15.679	0.005
6124.524410000071	15.677	0.004
6124.583690000232	15.659	0.004
6124.654870000202	15.669	0.004
6124.695499999914	15.663	0.004
6124.734929999802	15.667	0.004
6124.776260000188	15.66	0.004
6124.81669999985	15.654	0.004
6125.538420000114	15.65	0.004
6125.588380000088	15.643	0.004
6125.655650000088	15.656	0.004
6125.698270000052	15.656	0.004
6125.742320000194	15.652	0.004
6125.784179999959	15.658	0.004
6125.82639000006	15.663	0.005
6126.527160000056	15.661	0.004
6126.573330000043	15.664	0.005
6126.619150000159	15.662	0.004
6126.689040000085	15.657	0.004
6126.733930000104	15.64	0.004
6127.475990000181	15.64	0.005
6127.518900000025	15.636	0.004
6127.562770000193	15.637	0.005
6127.655819999985	15.632	0.004
6127.751929999795	15.633	0.005
6128.529240000062	15.62	0.003
6128.568369999994	15.623	0.003
6128.615439999849	15.629	0.004
6128.66054000007	15.62	0.003
6128.764740000013	15.607	0.004
6129.6446000002325	15.614	0.003
6130.565719999839	15.61	0.004
6130.587249999866	15.626	0.004
6130.702579999808	15.609	0.004
6130.77435000008	15.611	0.004
6131.502689999994	15.612	0.004
6131.549740000162	15.598	0.004
6131.615329999942	15.603	0.003
6131.661280000117	15.594	0.003
6131.729729999788	15.591	0.003
6131.7800400001	15.614	0.003
6132.5519500002265	15.598	0.004
6132.637850000057	15.599	0.004
6132.685550000053	15.608	0.004
6132.760040000081	15.592	0.004
6133.535889999941	15.592	0.005
6133.581670000218	15.584	0.004
6133.637899999972	15.601	0.004
6133.689660000149	15.576	0.004
6133.7389000002295	15.582	0.004
6134.504310000222	15.589	0.005
6134.5490899998695	15.577	0.004
6134.590369999874	15.575	0.005
6134.658629999962	15.588	0.005
6134.7105299998075	15.598	0.005
6135.488580000121	15.565	0.004
6135.531570000108	15.581	0.004
6135.59085999988	15.584	0.004
6135.658040000126	15.575	0.005
6135.707070000004	15.568	0.004
6135.7544700000435	15.55	0.004
6135.79533000011	15.563	0.004
6136.5011300002225	15.583	0.005
6136.703610000201	15.57	0.004
6140.491710000206	15.529	0.005
6140.531119999941	15.542	0.005
6140.581679999828	15.538	0.004
6140.632410000078	15.532	0.004
6140.6716000000015	15.533	0.005
6140.714769999962	15.54	0.007
6140.754519999959	15.544	0.006
6141.479330000002	15.534	0.005
6141.518540000077	15.547	0.004
6141.556570000015	15.539	0.004
6141.607019999996	15.555	0.005
6141.6541800000705	15.537	0.004
6141.693250000011	15.536	0.004
6141.733270000201	15.547	0.005
6141.771569999866	15.536	0.004
6142.517920000013	15.562	0.005
6142.5631300001405	15.567	0.005
6142.646980000194	15.547	0.005
6143.528799999971	15.553	0.005
6143.636140000075	15.573	0.005
6143.6931099998765	15.551	0.005
6145.63526999997	15.569	0.005
6147.501470000017	15.56	0.004
6147.540469999891	15.571	0.004
6147.591659999918	15.568	0.004
6147.634370000102	15.559	0.005
6147.689790000208	15.557	0.005
6148.482189999893	15.56	0.003
6148.521929999813	15.566	0.003
6148.572079999838	15.565	0.003
6148.625870000105	15.557	0.003
6148.664869999979	15.572	0.003
6148.710630000103	15.549	0.004
6149.553280000109	15.564	0.004
6149.59225000022	15.568	0.004
6149.738299999852	15.578	0.005
6150.52304999996	15.575	0.004
6150.562779999804	15.57	0.004
6150.613590000197	15.59	0.005
6150.665310000069	15.572	0.005
6151.526899999939	15.598	0.005
6151.567890000064	15.587	0.005
6151.60802000016	15.577	0.004
6151.646509999875	15.579	0.004
6151.689290000126	15.586	0.004
6151.727460000198	15.567	0.004
6152.4985699998215	15.58	0.004
6152.537219999824	15.578	0.004
6152.591070000082	15.577	0.004
6152.641540000215	15.588	0.004
6152.695919999853	15.59	0.003
6153.67173000006	15.589	0.004
6154.485510000028	15.606	0.004
6154.525580000132	15.596	0.004
6154.588489999995	15.608	0.004
6154.679889999796	15.595	0.004
6154.721210000105	15.609	0.004
6157.639130000025	15.639	0.005
6157.676140000112	15.62	0.004
6157.719099999871	15.622	0.005
6158.5148499999195	15.642	0.004
6158.5743999998085	15.645	0.004
6158.616450000089	15.648	0.004
6158.656839999836	15.634	0.004
6158.696719999891	15.639	0.004
6158.733419999946	15.651	0.004
6159.5231900000945	15.66	0.005
6159.577490000054	15.653	0.004
6159.628169999924	15.666	0.004
6159.70037000021	15.644	0.004
6160.504379999824	15.66	0.004
6160.577370000072	15.656	0.004
6160.619200000074	15.667	0.004
6160.65952999983	15.677	0.004
6160.714209999889	15.66	0.004
6161.501699999906	15.662	0.005
6161.54243999999	15.675	0.005
6161.5940800001845	15.666	0.005
6161.649569999892	15.672	0.005
6161.663850000128	15.672	0.005
6161.709009999875	15.726	0.005
6164.531599999871	15.699	0.005
6164.581559999846	15.716	0.005
6164.635830000043	15.705	0.005
6164.683170000091	15.736	0.006
6164.691279999912	15.729	0.006
6165.587330000009	15.726	0.005
6166.5185500001535	15.776	0.005
6166.59693	15.721	0.004
6166.664199999999	15.721	0.004
6167.523959999904	15.754	0.004
6167.573559999932	15.75	0.005
6167.617289999966	15.739	0.006
6167.66575000016	15.73	0.006
6168.520949999802	15.743	0.004
6168.576700000092	15.758	0.004
6168.647080000024	15.762	0.004
6168.686749999877	15.749	0.004
6169.507900000084	15.753	0.005
6169.566949999891	15.775	0.004
6169.608250000048	15.767	0.004
6169.648419999983	15.768	0.004
6169.686939999927	15.758	0.005
6171.509860000107	15.784	0.004
6171.561639999971	15.777	0.004
6171.612790000159	15.797	0.005
6171.655309999827	15.789	0.004
6171.698119999841	15.795	0.005
6172.520669999998	15.807	0.004
6172.570489999838	15.796	0.004
6172.621559999883	15.8	0.004
6172.659789999947	15.808	0.004
6174.589879999869	15.83	0.005
6174.624249999877	15.824	0.006
6175.482100000139	15.822	0.004
6175.532579999883	15.832	0.005
6175.570789999794	15.847	0.006
6175.609290000051	15.827	0.004
6175.653719999827	15.833	0.006
6179.482369999867	15.857	0.005
6179.546089999843	15.886	0.006
6179.58796000015	15.883	0.006
6179.628839999903	15.882	0.006
6179.666300000157	15.859	0.006
6180.5183000001125	15.88	0.005
6180.572089999914	15.874	0.005
6180.612980000209	15.857	0.006
6180.649799999781	15.869	0.006
6181.478289999999	15.911	0.006
6181.532809999771	15.897	0.004
6181.571239999961	15.903	0.004
6181.61361999996	15.904	0.005
6182.479379999917	15.902	0.006
6182.534219999798	15.912	0.005
6182.582520000171	15.905	0.005
6182.627150000073	15.901	0.005
6183.516079999972	15.911	0.004
6183.566920000128	15.922	0.004
6183.617269999813	15.919	0.005
6184.496739999857	15.918	0.005
6184.570929999929	15.93	0.004
6184.618230000138	15.935	0.005
6185.4810600001365	15.956	0.005
6185.538660000078	15.942	0.004
6185.579119999893	15.939	0.004
6185.625370000023	15.939	0.005
6186.493559999857	15.957	0.006
6186.550679999869	15.952	0.005
6186.590350000188	15.952	0.005
6190.489240000024	16.004	0.006
6190.529920000117	15.994	0.005
6190.588560000062	15.981	0.005
6191.488049999811	15.981	0.006
6191.543759999797	15.994	0.006
6191.582189999986	15.993	0.006
6191.624689999968	15.984	0.005
6195.514599999879	16.013	0.005
6195.555259999819	16.019	0.005
6195.5939199998975	16.032	0.005
6195.631779999938	16.036	0.005
6196.513689999934	16.031	0.006
6196.552279999945	16.019	0.006
6196.591610000003	16.041	0.006
6196.628829999827	16.047	0.006
6197.51538999984	16.038	0.006
6197.554030000232	16.04	0.006
6197.5947699998505	16.038	0.007
6198.560390000232	16.057	0.007
6199.516199999955	16.056	0.008
6200.587460000068	16.067	0.007
6201.527259999886	16.086	0.009
6202.564739999827	16.088	0.007
6203.504490000196	16.071	0.007
6203.555639999919	16.061	0.008
6203.594330000225	16.093	0.008
6204.502390000038	16.071	0.006
6204.516480000224	16.085	0.005
6204.547660000157	16.11	0.006
6204.5857799998485	16.097	0.006
6205.488839999773	16.09	0.006
6205.532010000199	16.112	0.005
6205.5700699999	16.094	0.005
6205.606279999949	16.102	0.005
6209.550869999919	16.121	0.007
6210.502919999883	16.111	0.006
6210.541360000148	16.124	0.006
6210.580159999896	16.112	0.006
6211.504699999932	16.133	0.006
6211.547059999779	16.129	0.006
6211.5855299998075	16.112	0.006
6212.504139999859	16.125	0.006
6212.54253999982	16.146	0.005
6212.579619999975	16.124	0.005
6213.5191899999045	16.149	0.006
6213.55700000003	16.135	0.008
6214.5110499998555	16.147	0.006
6214.552389999852	16.135	0.007
6214.573489999864	16.131	0.007
6216.523010000121	16.132	0.006
6216.561879999936	16.155	0.006
6217.509579999838	16.16	0.005
6217.547439999878	16.176	0.005
6218.492560000159	16.161	0.007
6218.53096000012	16.147	0.007
6218.569159999955	16.142	0.007
6219.515689999796	16.186	0.006
6219.55410999991	16.182	0.006
6221.5352599998005	16.163	0.01
6221.54784000013	16.197	0.009
6223.546990000177	16.166	0.007
6226.529899999965	16.213	0.009
6231.502830000129	16.206	0.007
6232.503969999962	16.196	0.008
6233.532980000135	16.205	0.008
6234.527009999845	16.232	0.008
6238.52266999986	16.214	0.008
6239.524389999919	16.255	0.008
